Node_num: 12,Edge_num: 30
Link_index,Source,Destination,OSPF,Capacity(kbps)
0,0,1,1,9920000
1,1,0,1,9920000
2,0,2,1000,9920000
3,2,0,1000,9920000
4,1,3,1200,9920000
5,3,1,1200,9920000
6,2,4,1500,9920000
7,4,2,1500,9920000
8,3,5,800,9920000
9,5,3,800,9920000
10,4,6,900,9920000
11,6,4,900,9920000
12,5,7,600,9920000
13,7,5,600,9920000
14,6,8,700,9920000
15,8,6,700,9920000
16,7,9,400,9920000
17,9,7,400,9920000
18,8,10,1100,9920000
19,10,8,1100,9920000
20,9,11,1400,9920000
21,11,9,1400,9920000
22,10,0,900,9920000
23,0,10,900,9920000
24,11,1,700,9920000
25,1,11,700,9920000
26,8,2,1300,9920000
27,2,8,1300,9920000
28,7,4,1800,9920000
29,4,7,1800,9920000