Node_num: 12,Edge_num: 28
Link_index,Source,Destination,OSPF,Capacity(kbps)
0,0,1,1,9920000
1,1,0,1,9920000
2,1,4,1176,9920000
3,1,5,587,2480000
4,1,11,846,9920000
5,2,5,260,9920000
6,2,8,700,9920000
7,3,9,1295,9920000
8,3,10,2095,9920000
9,4,1,1176,9920000
10,4,6,902,9920000
11,4,7,1893,9920000
12,5,1,587,2480000
13,5,2,260,9920000
14,5,6,548,9920000
15,6,4,902,9920000
16,6,5,548,9920000
17,7,4,1893,9920000
18,7,9,366,9920000
19,8,2,700,9920000
20,8,11,233,9920000
21,9,3,1295,9920000
22,9,7,366,9920000
23,9,10,861,9920000
24,10,3,2095,9920000
25,10,9,861,9920000
26,11,1,846,9920000
27,11,8,233,9920000