Node_num: 12,Edge_num: 32
Link_index,Source,Destination,OSPF,Capacity(kbps)
0,9,10,1588,9920000
1,10,9,1588,9920000
2,2,5,497,9920000
3,5,2,497,9920000
4,3,4,615,9920000
5,4,3,615,9920000
6,7,2,508,9920000
7,2,7,508,9920000
8,1,8,469,9920000
9,8,1,469,9920000
10,8,10,1733,9920000
11,10,8,1733,9920000
12,8,0,1719,9920000
13,0,8,1719,9920000
14,0,3,495,9920000
15,3,0,495,9920000
16,8,11,1474,9920000
17,11,8,1474,9920000
18,6,7,1310,9920000
19,7,6,1310,9920000
20,10,1,1604,9920000
21,1,10,1604,9920000
22,4,6,1780,9920000
23,6,4,1780,9920000
24,5,6,408,9920000
25,6,5,408,9920000
26,4,7,449,9920000
27,7,4,449,9920000
28,0,9,602,9920000
29,9,0,602,9920000
30,1,0,791,9920000
31,0,1,791,9920000