Node_num: 12,Edge_num: 24
Link_index,Source,Destination,OSPF,Capacity(kbps)
0,8,2,1550,9920000
1,2,8,1550,9920000
2,1,6,1599,9920000
3,6,1,1599,9920000
4,11,2,1203,9920000
5,2,11,1203,9920000
6,5,9,591,9920000
7,9,5,591,9920000
8,5,2,1485,9920000
9,2,5,1485,9920000
10,0,8,1752,9920000
11,8,0,1752,9920000
12,11,7,1716,9920000
13,7,11,1716,9920000
14,4,0,1234,9920000
15,0,4,1234,9920000
16,5,4,704,9920000
17,4,5,704,9920000
18,1,3,534,9920000
19,3,1,534,9920000
20,10,5,1284,9920000
21,5,10,1284,9920000
22,2,6,921,9920000
23,6,2,921,9920000