Node_num: 12,Edge_num: 32
Link_index,Source,Destination,OSPF,Capacity(kbps)
0,0,1,6319,30000
1,1,0,6319,30000
2,1,2,9654,30000
3,2,1,9654,30000
4,1,3,4578,30000
5,3,1,4578,30000
6,1,4,8392,30000
7,4,1,8392,30000
8,1,5,2156,30000
9,5,1,2156,30000
10,1,6,7124,30000
11,6,1,7124,30000
12,2,3,1245,30000
13,3,2,1245,30000
14,2,4,3875,30000
15,4,2,3875,30000
16,5,7,2345,30000
17,7,5,2345,30000
18,6,7,5432,30000
19,7,6,5432,30000
20,6,10,9876,30000
21,10,6,9876,30000
22,7,8,6543,30000
23,8,7,6543,30000
24,7,11,8765,30000
25,11,7,8765,30000
26,8,9,3456,30000
27,9,8,3456,30000
28,9,11,5643,30000
29,11,9,5643,30000
30,10,11,8765,30000
31,11,10,8765,30000