Node_num: 12,Edge_num: 54
Link_index,Source,Destination,OSPF,Capacity(kbps)
0,5,8,604,9920000
1,8,5,604,9920000
2,6,2,807,9920000
3,2,6,807,9920000
4,1,6,1110,9920000
5,6,1,1110,9920000
6,5,4,1752,9920000
7,4,5,1752,9920000
8,10,3,878,9920000
9,3,10,878,9920000
10,6,4,1445,9920000
11,4,6,1445,9920000
12,3,0,589,9920000
13,0,3,589,9920000
14,1,3,504,9920000
15,3,1,504,9920000
16,5,3,1334,9920000
17,3,5,1334,9920000
18,0,11,1765,9920000
19,11,0,1765,9920000
20,5,2,552,9920000
21,2,5,552,9920000
22,1,2,500,9920000
23,2,1,500,9920000
24,0,2,983,9920000
25,2,0,983,9920000
26,6,7,1293,9920000
27,7,6,1293,9920000
28,1,9,1598,9920000
29,9,1,1598,9920000
30,2,8,516,9920000
31,8,2,516,9920000
32,10,11,1029,9920000
33,11,10,1029,9920000
34,0,10,602,9920000
35,10,0,602,9920000
36,9,8,447,9920000
37,8,9,447,9920000
38,9,11,1650,9920000
39,11,9,1650,9920000
40,0,1,1535,9920000
41,1,0,1535,9920000
42,8,10,1014,9920000
43,10,8,1014,9920000
44,6,3,1380,9920000
45,3,6,1380,9920000
46,0,8,1571,9920000
47,8,0,1571,9920000
48,5,6,1561,9920000
49,6,5,1561,9920000
50,3,9,400,9920000
51,9,3,400,9920000
52,6,8,1624,9920000
53,8,6,1624,9920000