Node_num: 12,Edge_num: 28
Link_index,Source,Destination,OSPF,Capacity(kbps)
0,7,9,1569,9920000
1,9,7,1569,9920000
2,0,3,1281,9920000
3,3,0,1281,9920000
4,9,5,428,9920000
5,5,9,428,9920000
6,11,1,491,9920000
7,1,11,491,9920000
8,0,2,1435,9920000
9,2,0,1435,9920000
10,7,6,890,9920000
11,6,7,890,9920000
12,7,4,1570,9920000
13,4,7,1570,9920000
14,8,4,777,9920000
15,4,8,777,9920000
16,1,6,1065,9920000
17,6,1,1065,9920000
18,2,3,1219,9920000
19,3,2,1219,9920000
20,3,9,616,9920000
21,9,3,616,9920000
22,10,7,1645,9920000
23,7,10,1645,9920000
24,5,3,446,9920000
25,3,5,446,9920000
26,4,5,1267,9920000
27,5,4,1267,9920000