Node_num: 12,Edge_num: 28
Link_index,Source,Destination,OSPF,Capacity(kbps)
0,9,10,1017,9920000
1,10,9,1017,9920000
2,11,1,535,9920000
3,1,11,535,9920000
4,4,1,441,9920000
5,1,4,441,9920000
6,1,3,1332,9920000
7,3,1,1332,9920000
8,7,8,898,9920000
9,8,7,898,9920000
10,7,2,1447,9920000
11,2,7,1447,9920000
12,9,7,1017,9920000
13,7,9,1017,9920000
14,3,9,956,9920000
15,9,3,956,9920000
16,4,6,630,9920000
17,6,4,630,9920000
18,4,9,670,9920000
19,9,4,670,9920000
20,11,4,717,9920000
21,4,11,717,9920000
22,0,11,1277,9920000
23,11,0,1277,9920000
24,8,11,499,9920000
25,11,8,499,9920000
26,5,2,544,9920000
27,2,5,544,9920000