Node_num: 12,Edge_num: 26
Link_index,Source,Destination,OSPF,Capacity(kbps)
0,7,8,1273,9920000
1,8,7,1273,9920000
2,8,0,523,9920000
3,0,8,523,9920000
4,4,11,1208,9920000
5,11,4,1208,9920000
6,6,0,1701,9920000
7,0,6,1701,9920000
8,4,1,467,9920000
9,1,4,467,9920000
10,2,7,1358,9920000
11,7,2,1358,9920000
12,11,6,1387,9920000
13,6,11,1387,9920000
14,10,2,570,9920000
15,2,10,570,9920000
16,5,10,1027,9920000
17,10,5,1027,9920000
18,2,3,804,9920000
19,3,2,804,9920000
20,5,0,1386,9920000
21,0,5,1386,9920000
22,2,9,930,9920000
23,9,2,930,9920000
24,9,11,919,9920000
25,11,9,919,9920000